 epoca : 26
dif_erro : 7.774407306815334e-08
Pesos: [[-0.6897454020241743, -0.3695802953451303, -1.4740718294338384]]
Tabela: [[ 7.29700000e-01  5.77600000e-01 -1.00000000e+00  0.00000000e+00
   5.03277061e-04]
 [ 9.58800000e-01  3.67200000e-01 -1.00000000e+00  0.00000000e+00
   4.70036764e-03]
 [ 2.44000000e-02  5.27900000e-01  1.00000000e+00  1.00000000e+00
   4.16799380e-03]
 [ 8.31800000e-01  7.84400000e-01 -1.00000000e+00  0.00000000e+00
   4.45548561e-03]
 [ 4.12700000e-01  3.27500000e-01  1.00000000e+00  1.00000000e+00
  -8.10715614e-03]
 [ 7.05200000e-01  6.27700000e-01 -1.00000000e+00  0.00000000e+00
   7.79084791e-05]
 [ 1.83200000e-01  6.61000000e-02  1.00000000e+00  1.00000000e+00
   2.11753655e-04]
 [ 1.37300000e-01  2.92000000e-02  1.00000000e+00  1.00000000e+00
   1.98737413e-03]
 [ 5.02400000e-01  5.27400000e-01 -1.00000000e+00  0.00000000e+00
  -3.00968957e-03]
 [ 8.26300000e-01  9.30100000e-01 -1.00000000e+00  0.00000000e+00
   6.36823034e-03]
 [ 9.72100000e-01  4.85000000e-01 -1.00000000e+00  0.00000000e+00
   5.08702804e-03]
 [ 5.15800000e-01  8.54500000e-01 -1.00000000e+00  0.00000000e+00
   1.40673943e-03]
 [ 8.70300000e-01  8.66600000e-01 -1.00000000e+00  0.00000000e+00
   6.10235649e-03]
 [ 3.46100000e-01  2.39800000e-01  1.00000000e+00  1.00000000e+00
  -1.03342661e-02]
 [ 9.08600000e-01  1.94700000e-01 -1.00000000e+00  1.00000000e+00
   4.12747892e-03]
 [ 1.09600000e-01  9.16500000e-01 -1.00000000e+00  0.00000000e+00
   6.98428277e-03]
 [ 9.33200000e-01  5.49900000e-01 -1.00000000e+00  0.00000000e+00
   4.58810186e-03]
 [ 4.80300000e-01  7.63500000e-01 -1.00000000e+00  0.00000000e+00
  -1.68736726e-03]
 [ 2.56300000e-01  9.50300000e-01 -1.00000000e+00  0.00000000e+00
   5.96197186e-03]
 [ 3.46300000e-01  1.01700000e-01  1.00000000e+00  1.00000000e+00
  -6.50798847e-03]
 [ 2.80900000e-01  5.83000000e-01  1.00000000e+00  0.00000000e+00
   9.64505521e-05]
 [ 6.37100000e-01  1.43900000e-01  1.00000000e+00  1.00000000e+00
  -2.43597030e-03]
 [ 2.40500000e-01  9.01800000e-01 -1.00000000e+00  0.00000000e+00
   5.35460661e-03]
 [ 3.62600000e-01  7.30200000e-01 -1.00000000e+00  0.00000000e+00
   5.95330109e-04]
 [ 1.71500000e-01  7.71300000e-01  1.00000000e+00  0.00000000e+00
   4.35353198e-03]
 [ 1.15700000e-01  3.67600000e-01  1.00000000e+00  1.00000000e+00
   1.06506406e-03]
 [ 6.47400000e-01  3.32400000e-01  1.00000000e+00  1.00000000e+00
  -2.52080767e-03]
 [ 5.15300000e-01  2.04100000e-01  1.00000000e+00  1.00000000e+00
  -9.85254998e-03]
 [ 5.14700000e-01  1.67000000e-02  1.00000000e+00  1.00000000e+00
  -2.32422527e-03]
 [ 5.22700000e-01  2.32100000e-01  1.00000000e+00  1.00000000e+00
  -9.08495297e-03]
 [ 3.34400000e-01  2.59000000e-02  1.00000000e+00  1.00000000e+00
  -2.57663929e-03]
 [ 1.35300000e-01  8.12000000e-01  1.00000000e+00  0.00000000e+00
   5.37057982e-03]
 [ 1.33400000e-01  1.36200000e-01  1.00000000e+00  1.00000000e+00
   6.52366147e-04]
 [ 5.57100000e-01  5.48500000e-01 -1.00000000e+00  0.00000000e+00
  -2.71624480e-03]
 [ 9.62300000e-01  2.96100000e-01 -1.00000000e+00  1.00000000e+00
   4.82850997e-03]
 [ 4.56000000e-01  1.87100000e-01  1.00000000e+00  1.00000000e+00
  -1.72041130e-02]]